 N    M   NumberOfIterations PopulationSize MutationRate TournamentSize CrossoverProbability LastIteration  BestFit Elapsed time(ms)
10  500                  100            100         0.02             20                  0.5           100      357      2106.479406
10  500                  250            100         0.02             20                  0.5           250      348      5230.440855
10  500                  500            100         0.02             20                  0.5           500      350     10396.999359

10 1000                  100            100         0.02             20                  0.5           100      717      4287.664413
10 1000                  250            100         0.02             20                  0.5           250      719     10323.371410
10 1000                  500            100         0.02             20                  0.5           500      714     20882.388115

10 2000                  100            100         0.02             20                  0.5           100      717      4287.664413
10 2000                  250            100         0.02             20                  0.5           250      719     10323.371410
10 2000                  500            100         0.02             20                  0.5           500      714     20882.388115

20  500                  100            100         0.02             20                  0.5           100      368      4092.712879
20  500                  250            100         0.02             20                  0.5           250      362     10443.640232
20  500                  500            100         0.02             20                  0.5           500      368     20387.578964

20 1000                  100            100         0.02             20                  0.5           100      733      8134.496450
20 1000                  250            100         0.02             20                  0.5           250      738     20100.555897
20 1000                  500            100         0.02             20                  0.5           500      736     40335.358858

20 2000                  100            100         0.02             20                  0.5           100     1486     16516.464233
20 2000                  250            100         0.02             20                  0.5           250     1496     40327.488661
20 2000                  500            100         0.02             20                  0.5           500     1483     80606.364489

30 500                   100            100         0.02             20                  0.5           100      372      6113.292933
30 500                   250            100         0.02             20                  0.5           250      374     15164.133549
30 500                   500            100         0.02             20                  0.5           500      373     30629.849195

30 1000                  100            100         0.02             20                  0.5           100      747     12293.381214
30 1000                  250            100         0.02             20                  0.5           250      751     30293.049097
30 1000                  500            100         0.02             20                  0.5           500      743     60312.296152

30 2000                  100            100         0.02             20                  0.5           100     1488     24464.812994
30 2000                  250            100         0.02             20                  0.5           250     1484     60608.834028
30 2000                  500            100         0.02             20                  0.5           500     1486     120390.976906

30 5000                  100            100         0.02             20                  0.5           100     3734     60367.697001
30 5000                  250            100         0.02             20                  0.5           250     3740     150128.245354
30 5000                  500            100         0.02             20                  0.5           500     3737     302905.275822
