 N   M   NumberOfIterations PopulationSize MutationRate TournamentSize CrossoverProbability LastIteration  BestFit Elapsed time(ms)
10 500                 100            100         0.02             20                  0.5           100      357      2079.932451
10 500                 250            100         0.02             20                  0.5           250      357      5163.505316
10 500                 500            100         0.02             20                  0.5           500      366     10242.137432

10 800                 100            100         0.02             20                  0.5           100      572      3318.776131
10 800                 250            100         0.02             20                  0.5           250      575      8226.156235
10 800                 500            100         0.02             20                  0.5           500      570     16776.466608

20 500                 100            100         0.02             20                  0.5           100      371      4097.535372
20 500                 250            100         0.02             20                  0.5           250      366     10258.228302
20 500                 500            100         0.02             20                  0.5           500      365     20455.005169

20 800                 100            100         0.02             20                  0.5           100      580      6811.946630
20 800                 250            100         0.02             20                  0.5           250      582     16503.336668
20 800                 500            100         0.02             20                  0.5           500      582     32749.498606

30 500                 100            100         0.02             20                  0.5           100      376      6229.389191
30 500                 250            100         0.02             20                  0.5           250      373     15351.097107
30 500                 500            100         0.02             20                  0.5           500      371     31072.959661

30 800                 100            100         0.02             20                  0.5           100      595      9887.326956
30 800                 250            100         0.02             20                  0.5           250      602     24453.977108
30 800                 500            100         0.02             20                  0.5           500      601     48187.983036

      instance                      B&B                              heuristic
num      n        m     sol      LB      #nodes      time(s)    sol time(s)    ratio

  1     10      300     174     174        5652       10.87     181      5      1.04
  2     10      400     235     235         647        2.92     239      7      1.02
  3     10      500     291     290           1        0.93     301     10      1.03
  4     10      600     348     348        1225        8.97     354     11      1.02
  5     10      700     404     404         933        9.46     411     13      1.02
  6     10      800     459     458        2579       17.52     472     15      1.03
  7     15      300     186     185     1701997     4024.78     191      8      1.03
  8     15      400     247     247        3025       10.17     256     12      1.05
  9     15      500     303     301      201845      780.41     315     15      1.04
 10     15      600     369     367        4994       22.83     375     18      1.02
 11     15      700     433     427      704590     3925.63     437     20      1.01
 12     15      800     492     489      616061     3877.36     500     23      1.02
 13     20      300     190     190      108281      358.90     196     12      1.03
 14     20      400     255     253      345031     1261.30     263     17      1.03
 15     20      500     316     316      166950      671.74     327     22      1.03
 16     20      600     379     378      632070     3868.59     391     24      1.03
 17     20      700     442     442        3755       22.88     449     28      1.02
 18     20      800     506     505      512329     3802.08     518     33      1.02
 19     25      300     196     195     1405903     4004.59     204     16      1.04
 20     25      400     260     259      843502     3874.79     266     21      1.02
 21     25      500     322     321      658143     3812.68     334     27      1.04
 22     25      600     390     389      577236     3842.66     398     30      1.02
 23     25      700     454     453      501478     3786.70     462     36      1.02
 24     25      800     516     516       97408      698.46     532     41      1.03
 25     30      300     198     197     1222037     3975.23     203     18      1.03
 26     30      400     265     264      831860     3875.11     271     26      1.02
 27     30      500     328     327      589934     3845.15     336     32      1.02
 28     30      600     394     393      456213     3765.45     405     37      1.03
 29     30      700     459     458      406539     3824.78     468     43      1.02
 30     30      800     525     524      367610     3752.77     542     49      1.03


----------------------------------------------------------------------------------- dole 10, gore acgt

 N   M  NumberOfIterations PopulationSize MutationRate TournamentSize CrossoverProbability LastIteration  BestFit Elapsed time(ms)
10 500                 100            100         0.02             20                  0.5           100      221      4239.798307
10 500                 250            100         0.02             20                  0.5           250      229     10164.439440
10 500                 500            100         0.02             20                  0.5           500      229     20338.255644

10 800                 100            100         0.02             20                  0.5           100      378      6884.086132
10 800                 250            100         0.02             20                  0.5           250      374     16658.798695
10 800                 500            100         0.02             20                  0.5           500      373     34675.085306

20 500                 100            100         0.02             20                  0.5           100      236      8710.000753
20 500                 250            100         0.02             20                  0.5           250      248     21464.530230
20 500                 500            100         0.02             20                  0.5           500      238     43263.711929

20 800                 100            100         0.02             20                  0.5           100      384     14031.580448
20 800                 250            100         0.02             20                  0.5           250      387     33835.106611
20 800                 500            100         0.02             20                  0.5           500      387     67745.550156

30 500                 100            100         0.02             20                  0.5           100      252     12971.709013
30 500                 250            100         0.02             20                  0.5           250      250     31963.227987
30 500                 500            100         0.02             20                  0.5           500      246     65096.003532

30 800                 100            100         0.02             20                  0.5           100      390     20705.399513
30 800                 250            100         0.02             20                  0.5           250      388     52484.143734
30 800                 500            100         0.02             20                  0.5           500      396    103839.802980




      instance                      B&B                              heuristic
num      n        m     sol      LB      #nodes      time(s)    sol time(s)    ratio
 31     10      400     156     155     2687979     4141.82     171      5      1.10
 32     10      500     190     189     2184136     4189.93     190      5      0.00
 33     10      600     229     228     1733818     4485.28     247      7      1.08
 34     10      800     305     303     1482246     4006.00     306      9     1.003
 35     15      300     122     121     2806838     4128.27     130      5      1.07
 36     15      400     159     158     2166362     4156.88     161      7      1.01
 37     15      500     202     200     1772538     4071.95     213      9      1.05
 38     15      600     240     239     1503438     3967.02     246     11      1.03
 39     15      700     278     277     1318088     4101.48     323     14      1.16
 40     15      800     325     324     1092610     3911.65     333     15      1.02
 41     20      300     126     125     2386388     4063.52     133      8      1.06
 42     20      400     165     164     1872385     4063.76     191     11      1.16
 43     20      500     207     206     1454067     3963.46     218     14      1.05
 44     20      600     247     246     1203460     3918.93     265     16      1.08
 45     20      700     291     290     1080569     3913.32     311     19      1.07
 46     20      800     331     330      944268     3870.64     359     21      1.08
 47     25      300     131     130     1943166     4002.80     145     10      1.11
 49     25      400     173     172     1541728     3975.91     182     14      1.05
 50     25      500     211     211       17158       56.25     228     18      1.08
 51     25      600     255     254     1041537     3881.25     271     19      1.06
 52     25      700     300     299      893404     3948.62     314     23      1.05
 53     25      800     337     336      786798     3903.74     351     26      1.04
 54     30      300     133     132     1674260     4026.07     150     13      1.13
 55     30      400     174     172     1367616     4002.25     184     16      1.06
 56     30      500     217     216     1073655     4029.87     242     22      1.12
 57     30      600     263     262      874222     4025.71     296     26      1.13
 58     30      700     301     299      773934     4015.73     316     27      1.05


